ver1=[484845,4290518]
ver2=[488710,4290502]
ver3=[484775,4287816]
ver4=[488722,4287616]

square
ver1=[484845,4294383]
ver2=[488710,4294383]
ver3=[488710,4290518]
ver4=[484845,4290518]


s1>s2
ver1=[484845,4294383]
ver2=[489000,4294383]
ver3=[489000,4290518]
ver4=[484845,4290518]


s2>s1
ver1=[484845,4294383]
ver2=[486000,4294383]
ver3=[486000,4290518]
ver4=[484845,4290518]


(38.79806959639215, -9.174521637466976)
(38.79812759450247, -9.13001327473422)
(38.76329747689613, -9.12995004695842)
(38.76323955048827, -9.174436764713509)